q01: 0.3333333333333333
q02: 0.6363636363636364
q03: 1.0
q04: 0.7142857142857143
q06: 0.6666666666666666
q07: 0.25
q08: 0.5833333333333334
q09: 0.8333333333333334
q10: 0.375
q12: 0.75
q13: 0.6
q14: 0.5833333333333334
q16: 0.5
q17: 0.5
q18: 0.7142857142857143
q19: 0.5
q22: 0.42857142857142855
q23: 0.25
q24: 0.0
q25: 0.5
q26: 1.0
q27: 0.375
q28: 0.6666666666666666
q29: 0.8333333333333334
q32: 1.0
q34: 1.0
q36: 0.9
q37: 0.6666666666666666
q38: 0.375
q40: 0.5555555555555556
q41: 0.8571428571428571
q42: 0.6666666666666666
q44: 0.7
q45: 0.875
q46: 0.3333333333333333
