q01: 0.20151514190050246
q02: 0.5804945971717436
q03: 0.9717271130121371
q04: 0.7519920639782149
q06: 0.8116050400224636
q07: 0.41311732856427996
q08: 0.889411153555534
q09: 0.8878789582207093
q10: 0.42501858720887686
q12: 0.9584155285560207
q13: 0.8326604750636971
q14: 0.47394729052109685
q16: 0.6
q17: 1.0
q18: 0.9160673923938649
q19: 1.0
q22: 0.687373816855838
q23: 0.6037460821441865
q24: 0.0
q25: 0.674703945420833
q26: 1.0
q27: 0.553557076912909
q28: 0.8086698088039842
q29: 0.9793316345677734
q32: 0.9947696772861268
q34: 1.0
q36: 0.9215438632145688
q37: 1.0
q38: 0.45667480490806256
q40: 0.8553587715741455
q41: 0.8719587410667776
q42: 0.6051906348295047
q44: 0.7599375842483623
q45: 0.8841822022749409
q46: 0.43367334872437374
