q01: 0.3333333333333333
q02: 0.5454545454545454
q03: 0.5
q04: 0.7142857142857143
q06: 0.6666666666666666
q07: 0.25
q08: 0.75
q09: 0.8333333333333334
q10: 0.375
q12: 1.0
q13: 0.8
q14: 0.5833333333333334
q16: 0.5
q17: 0.75
q18: 0.8571428571428571
q19: 0.5
q22: 0.5714285714285714
q23: 0.25
q24: 0.0
q25: 0.5
q26: 1.0
q27: 0.375
q28: 0.6666666666666666
q29: 0.8333333333333334
q32: 1.0
q34: 1.0
q36: 0.9
q37: 0.6666666666666666
q38: 0.5
q40: 0.8888888888888888
q41: 0.8571428571428571
q42: 0.3333333333333333
q44: 0.6
q45: 0.75
q46: 0.3333333333333333
