q01: 0.3992424290497487
q02: 0.6349580497567974
q03: 1.0
q04: 0.7752886293631626
q06: 0.8329344203908394
q07: 0.26064801430716
q08: 0.6494776297443016
q09: 0.8878789582207093
q10: 0.42501858720887686
q12: 0.7920776427801035
q13: 0.61684994691017
q14: 0.45731642771936265
q16: 0.6
q17: 0.539848396117854
q18: 0.8601490483460502
q19: 1.0
q22: 0.4955452890879067
q23: 0.6037460821441865
q24: 0.0
q25: 0.674703945420833
q26: 1.0
q27: 0.5298061629764563
q28: 0.8086698088039842
q29: 0.9674389167759957
q32: 1.0
q34: 1.0
q36: 0.9138103157141296
q37: 1.0
q38: 0.31891444877847874
q40: 0.48935638461950726
q41: 0.92301101063515
q42: 0.8472668887613066
q44: 0.8042354326367233
q45: 0.9970594986524565
q46: 0.2478133128923582
